T (K)		P (Pa)	vG (m3/kg)	vL (m3/kg)		hG (J/kg)		hL (J/kg)	Lv (J/kg)	eG(J/Kg)	eL(J/Kg)	sG(J/KgK)	sL(J/KgK)
298.15	3169.9	43.337	0.001003	-3599.99999999991	-8360	-2700.00000000027	104830	1440.5	367.22
299.15	3363.9	40.973	0.0010033	-1799.99999999973	-4179.99999999999	-1300.00000000018	109010	1441.4	381.23
300.15	3568.1	38.754	0.0010035	0	0	0	113190	1442.4	395.18
301.15	3783.1	36.672	0.0010038	1800.00000000018	4180.00000000001	1399.99999999964	117370	1443.3	409.08
302.15	4009.2	34.716	0.0010041	3599.99999999991	8360	2799.99999999973	121550	1444.3	422.94
303.15	4247	32.878	0.0010044	5400.00000000009	12540	4099.99999999991	125730	1445.2	436.75
304.15	4496.9	31.151	0.0010047	7200.00000000027	16720	5500	129910	1446.2	450.52
305.15	4759.6	29.526	0.001005	9099.99999999991	20900	6799.99999999973	134090	1447.2	464.24
306.15	5035.4	27.998	0.0010054	10900.0000000001	25080	8199.99999999982	138270	1448.2	477.92
307.15	5325.1	26.56	0.0010057	12700.0000000003	29260	9500	142450	1449.1	491.55
308.15	5629	25.205	0.001006	14400.0000000001	33440	10899.9999999996	146630	1450.1	505.13
309.15	5947.9	23.929	0.0010064	16200.0000000003	37620	12199.9999999998	150810	1451.1	518.67
310.15	6282.3	22.727	0.0010068	18000	41800	13599.9999999999	154990	1452.2	532.17
311.15	6632.8	21.593	0.0010071	19800.0000000002	45980	14899.9999999996	159170	1453.2	545.62
312.15	7000.2	20.524	0.0010075	21599.9999999999	50160	16199.9999999998	163350	1454.2	559.03
313.15	7384.9	19.515	0.0010079	23400.0000000001	54340	17599.9999999999	167530	1455.2	572.4
314.15	7787.8	18.563	0.0010083	25200.0000000003	58520	18899.9999999996	171710	1456.3	585.73
315.15	8209.6	17.664	0.0010087	27000	62700	20299.9999999997	175880	1457.4	599.01
316.15	8650.8	16.814	0.0010091	28800.0000000002	66880	21599.9999999999	180060	1458.4	612.25
317.15	9112.4	16.011	0.0010095	30500	71060	22899.9999999996	184240	1459.5	625.45
318.15	9595	15.252	0.0010099	32300.0000000002	75240	24299.9999999997	188430	1460.6	638.61
319.15	10099	14.534	0.0010104	34099.9999999999	79430	25599.9999999999	192610	1461.7	651.73
320.15	10627	13.855	0.0010108	35900.0000000001	83610	26899.9999999996	196790	1462.8	664.81
321.15	11177	13.212	0.0010112	37700.0000000003	87790	28299.9999999997	200970	1464	677.85
322.15	11752	12.603	0.0010117	39400.0000000001	91970	29599.9999999999	205150	1465.1	690.85
323.15	12352	12.027	0.0010121	41200.0000000003	96150	30899.9999999996	209330	1466.3	703.81
324.15	12978	11.481	0.0010126	43000	100330	32299.9999999997	213510	1467.5	716.73
325.15	13631	10.963	0.0010131	44700.0000000003	104520	33599.9999999999	217690	1468.7	729.61
326.15	14312	10.472	0.0010136	46500	108700	34899.9999999996	221870	1469.9	742.45
327.15	15022	10.006	0.0010141	48200.0000000003	112880	36199.9999999998	226060	1471.1	755.26
328.15	15762	9.5643	0.0010146	50000	117070	37500	230240	1472.4	768.02
329.15	16533	9.1448	0.0010151	51700.0000000003	121250	38899.9999999996	234420	1473.7	780.75
330.15	17336	8.7466	0.0010156	53500	125430	40199.9999999998	238610	1475	793.44
331.15	18171	8.3683	0.0010161	55200.0000000003	129620	41500	242790	1476.3	806.1
332.15	19041	8.0089	0.0010166	57000	133800	42799.9999999997	246980	1477.6	818.71
333.15	19946	7.6672	0.0010171	58700.0000000003	137990	44099.9999999999	251160	1478.9	831.29
334.15	20888	7.3424	0.0010177	60500	142180	45399.9999999996	255350	1480.3	843.84
335.15	21867	7.0335	0.0010182	62200.0000000003	146360	46699.9999999998	259530	1481.7	856.34
336.15	22885	6.7396	0.0010188	63900.0000000001	150550	48000	263720	1483.1	868.82
337.15	23943	6.4598	0.0010193	65700.0000000003	154740	49299.9999999997	267900	1484.6	881.25
338.15	25042	6.1935	0.0010199	67400.0000000001	158930	50599.9999999999	272090	1486	893.65
339.15	26183	5.9399	0.0010204	69099.9999999999	163110	51899.9999999996	276280	1487.5	906.02
340.15	27368	5.6984	0.001021	70900.0000000001	167300	53199.9999999998	280470	1489	918.35
341.15	28599	5.4682	0.0010216	72599.9999999999	171490	54500	284650	1490.5	930.64
342.15	29876	5.2488	0.0010222	74300.0000000002	175680	55799.9999999997	288840	1492.1	942.91
343.15	31201	5.0395	0.0010228	76000	179880	57099.9999999999	293030	1493.7	955.13
344.15	32575	4.84	0.0010234	77700.0000000003	184070	58299.9999999997	297220	1495.3	967.33
345.15	34000	4.6496	0.001024	79400.0000000001	188260	59599.9999999999	301410	1496.9	979.49
346.15	35478	4.468	0.0010246	81099.9999999999	192450	60899.9999999996	305610	1498.6	991.61
347.15	37009	4.2945	0.0010252	82800.0000000002	196650	62199.9999999998	309800	1500.3	1003.7
348.15	38595	4.1289	0.0010258	84500	200840	63399.9999999996	313990	1502	1015.8
349.15	40239	3.9708	0.0010265	86200.0000000003	205030	64699.9999999998	318180	1503.8	1027.8
350.15	41941	3.8197	0.0010271	87900.0000000001	209230	66000	322380	1505.5	1039.8
351.15	43703	3.6752	0.0010277	89599.9999999999	213430	67199.9999999998	326570	1507.3	1051.7
352.15	45527	3.5372	0.0010284	91200.0000000003	217620	68500	330770	1509.2	1063.7
353.15	47414	3.4052	0.0010291	92900.0000000001	221820	69799.9999999997	334960	1511.1	1075.6
354.15	49367	3.2789	0.0010297	94599.9999999999	226020	71000	339160	1513	1087.4
355.15	51387	3.1581	0.0010304	96300.0000000002	230220	72299.9999999997	343360	1514.9	1099.3
356.15	53476	3.0425	0.0010311	97900.0000000001	234420	73500	347560	1516.9	1111.1
357.15	55635	2.9318	0.0010317	99599.9999999999	238620	74799.9999999997	351760	1518.9	1122.9
358.15	57867	2.8258	0.0010324	101200	242820	76000	355950	1520.9	1134.6
359.15	60173	2.7244	0.0010331	102900	247030	77199.9999999998	360160	1523	1146.3
360.15	62556	2.6271	0.0010338	104500	251230	78500	364360	1525.1	1158
361.15	65017	2.534	0.0010345	106200	255440	79699.9999999998	368560	1527.2	1169.6
362.15	67558	2.4447	0.0010352	107800	259640	80899.9999999996	372760	1529.4	1181.3
363.15	70182	2.3591	0.001036	109400	263850	82199.9999999998	376970	1531.6	1192.9
364.15	72890	2.277	0.0010367	111100	268060	83399.9999999996	381170	1533.8	1204.4
365.15	75684	2.1982	0.0010374	112700	272270	84599.9999999999	385380	1536.1	1216
366.15	78568	2.1227	0.0010381	114300	276480	85799.9999999997	389580	1538.4	1227.5
367.15	81541	2.0502	0.0010389	115900	280690	87000	393790	1540.8	1238.9
368.15	84608	1.9806	0.0010396	117500	284900	88199.9999999998	398000	1543.2	1250.4
369.15	87771	1.9137	0.0010404	119100	289110	89399.9999999996	402210	1545.7	1261.8
370.15	91030	1.8496	0.0010411	120700	293330	90599.9999999999	406420	1548.1	1273.2
371.15	94390	1.7879	0.0010419	122300	297540	91799.9999999997	410630	1550.7	1284.6
372.15	97852	1.7287	0.0010427	123900	301760	93000	414850	1553.2	1295.9
373.15	101420	1.6718	0.0010435	125500	305980	94199.9999999998	419060	1555.8	1307.2
374.15	105090	1.6171	0.0010442	127000	310200	95399.9999999996	423280	1558.5	1318.5
375.15	108870	1.5644	0.001045	128600	314420	96599.9999999999	427490	1561.2	1329.7
376.15	112770	1.5139	0.0010458	130200	318640	97799.9999999997	431710	1563.9	1341
377.15	116780	1.4652	0.0010466	131700	322860	98899.9999999996	435930	1566.7	1352.2
378.15	120900	1.4184	0.0010474	133300	327080	100100	440150	1569.5	1363.3
379.15	125150	1.3733	0.0010483	134800	331310	101300	444370	1572.4	1374.5
380.15	129520	1.33	0.0010491	136400	335540	102400	448590	1575.3	1385.6
381.15	134010	1.2882	0.0010499	137900	339760	103600	452810	1578.3	1396.7
382.15	138630	1.248	0.0010507	139400	343990	104700	457040	1581.3	1407.8
383.15	143380	1.2093	0.0010516	141000	348230	105900	461260	1584.3	1418.8
384.15	148260	1.172	0.0010524	142500	352460	107000	465490	1587.5	1429.8
385.15	153280	1.1361	0.0010533	144000	356690	108200	469720	1590.6	1440.8
386.15	158440	1.1014	0.0010541	145500	360930	109300	473950	1593.8	1451.8
387.15	163740	1.068	0.001055	147000	365160	110400	478180	1597.1	1462.8
388.15	169180	1.0358	0.0010559	148500	369400	111500	482410	1600.4	1473.7
389.15	174770	1.0048	0.0010568	150000	373640	112600	486650	1603.7	1484.6
390.15	180520	0.97486	0.0010576	151400	377890	113800	490880	1607.1	1495.4
391.15	186410	0.94598	0.0010585	152900	382130	114900	495120	1610.6	1506.3
392.15	192460	0.91811	0.0010594	154400	386370	116000	499360	1614.1	1517.1
393.15	198670	0.89121	0.0010603	155800	390620	117100	503600	1617.7	1527.9
394.15	205050	0.86525	0.0010612	157300	394870	118200	507840	1621.3	1538.7
395.15	211590	0.84019	0.0010622	158700	399120	119200	512090	1624.9	1549.4
396.15	218300	0.81598	0.0010631	160200	403370	120300	516330	1628.7	1560.2
397.15	225180	0.79261	0.001064	161600	407630	121400	520580	1632.4	1570.9
398.15	232240	0.77003	0.0010649	163000	411880	122500	524830	1636.3	1581.6
399.15	239470	0.74821	0.0010659	164400	416140	123500	529080	1640.1	1592.2
400.15	246890	0.72713	0.0010668	165800	420400	124600	533330	1644.1	1602.9
401.15	254500	0.70675	0.0010678	167200	424660	125600	537580	1648.1	1613.5
402.15	262290	0.68705	0.0010687	168600	428930	126700	541840	1652.1	1624.1
403.15	270280	0.668	0.0010697	170000	433190	127700	546090	1656.2	1634.6
404.15	278460	0.64959	0.0010707	171400	437460	128800	550350	1660.4	1645.2
405.15	286850	0.63177	0.0010717	172700	441730	129800	554610	1664.6	1655.7
406.15	295430	0.61454	0.0010727	174100	446000	130800	558880	1668.8	1666.2
407.15	304230	0.59786	0.0010736	175400	450280	131800	563140	1673.2	1676.7
408.15	313230	0.58173	0.0010746	176800	454550	132900	567410	1677.5	1687.2
409.15	322450	0.56611	0.0010757	178100	458830	133900	571680	1682	1697.6
410.15	331880	0.55099	0.0010767	179400	463110	134900	575950	1686.4	1708.1
411.15	341540	0.53636	0.0010777	180700	467400	135800	580220	1691	1718.5
412.15	351430	0.52218	0.0010787	182000	471680	136800	584490	1695.6	1728.9
413.15	361540	0.50845	0.0010798	183300	475970	137800	588770	1700.2	1739.2
414.15	371890	0.49516	0.0010808	184600	480260	138800	593050	1704.9	1749.6
415.15	382470	0.48227	0.0010818	185900	484550	139800	597330	1709.7	1759.9
416.15	393290	0.46979	0.0010829	187200	488850	140700	601610	1714.5	1770.2
417.15	404370	0.45769	0.001084	188400	493150	141700	605900	1719.4	1780.5
418.15	415680	0.44596	0.001085	189700	497450	142600	610190	1724.3	1790.7
419.15	427260	0.43459	0.0010861	190900	501750	143600	614480	1729.3	1801
420.15	439090	0.42357	0.0010872	192200	506060	144500	618770	1734.3	1811.2
421.15	451180	0.41288	0.0010883	193400	510370	145400	623060	1739.4	1821.4
422.15	463540	0.40251	0.0010894	194600	514680	146300	627360	1744.5	1831.6
423.15	476160	0.39245	0.0010905	195800	518990	147300	631660	1749.7	1841.8
424.15	489070	0.38269	0.0010916	197000	523310	148200	635960	1755	1852
425.15	502250	0.37323	0.0010927	198200	527620	149100	640270	1760.2	1862.1
426.15	515710	0.36404	0.0010939	199400	531950	149900	644570	1765.6	1872.2
427.15	529460	0.35512	0.001095	200600	536270	150800	648880	1771	1882.3
428.15	543500	0.34646	0.0010962	201700	540600	151700	653190	1776.4	1892.4
429.15	557840	0.33805	0.0010973	202900	544930	152600	657510	1781.9	1902.5
430.15	572470	0.32989	0.0010985	204000	549260	153400	661830	1787.5	1912.5
431.15	587420	0.32196	0.0010996	205100	553600	154300	666140	1793.1	1922.5
432.15	602670	0.31426	0.0011008	206200	557940	155100	670470	1798.7	1932.6
433.15	618230	0.30678	0.001102	207300	562280	156000	674790	1804.4	1942.6
434.15	634120	0.29951	0.0011032	208400	566630	156800	679120	1810.2	1952.5
435.15	650330	0.29245	0.0011044	209500	570980	157600	683450	1816	1962.5
436.15	666860	0.28559	0.0011056	210600	575330	158400	687780	1821.8	1972.5
437.15	683730	0.27892	0.0011068	211700	579690	159300	692120	1827.7	1982.4
438.15	700930	0.27243	0.001108	212700	584050	160100	696460	1833.7	1992.3
439.15	718480	0.26612	0.0011093	213800	588410	160800	700800	1839.7	2002.2
440.15	736380	0.25999	0.0011105	214800	592770	161600	705150	1845.7	2012.1
441.15	754620	0.25403	0.0011117	215800	597140	162400	709500	1851.8	2022
442.15	773220	0.24823	0.001113	216800	601520	163200	713850	1857.9	2031.8
443.15	792190	0.24259	0.0011143	217800	605890	163900	718200	1864	2041.7
444.15	811520	0.2371	0.0011155	218800	610270	164700	722560	1870.2	2051.5
445.15	831220	0.23176	0.0011168	219800	614660	165400	726920	1876.5	2061.3
446.15	851300	0.22656	0.0011181	220700	619040	166100	731280	1882.8	2071.1
447.15	871760	0.2215	0.0011194	221700	623440	166900	735650	1889.1	2080.9
448.15	892600	0.21658	0.0011207	222600	627830	167600	740020	1895.5	2090.6
449.15	913840	0.21179	0.001122	223500	632230	168300	744390	1901.9	2100.4
450.15	935470	0.20712	0.0011234	224400	636630	169000	748770	1908.3	2110.1
451.15	957510	0.20258	0.0011247	225300	641040	169700	753150	1914.8	2119.8
452.15	979950	0.19815	0.001126	226200	645450	170400	757540	1921.4	2129.6
453.15	1002800	0.19384	0.0011274	227100	649860	171000	761920	1927.9	2139.2
454.15	1026100	0.18964	0.0011288	228000	654280	171700	766310	1934.5	2148.9
455.15	1049800	0.18555	0.0011301	228800	658710	172300	770710	1941.2	2158.6
456.15	1073900	0.18157	0.0011315	229700	663130	173000	775110	1947.9	2168.3
457.15	1098500	0.17769	0.0011329	230500	667560	173600	779510	1954.6	2177.9
458.15	1123500	0.1739	0.0011343	231300	672000	174200	783910	1961.3	2187.5
459.15	1148900	0.17021	0.0011357	232100	676440	174900	788320	1968.1	2197.1
460.15	1174800	0.16662	0.0011371	232900	680880	175500	792740	1974.9	2206.7
461.15	1201100	0.16311	0.0011386	233700	685330	176100	797150	1981.8	2216.3
462.15	1228000	0.15969	0.00114	234400	689780	176600	801570	1988.7	2225.9
463.15	1255200	0.15636	0.0011415	235200	694240	177200	806000	1995.6	2235.5
464.15	1283000	0.15311	0.0011429	235900	698700	177800	810430	2002.6	2245
465.15	1311200	0.14994	0.0011444	236600	703170	178300	814860	2009.5	2254.6
466.15	1339900	0.14685	0.0011459	237300	707640	178900	819300	2016.6	2264.1
467.15	1369100	0.14383	0.0011474	238000	712120	179400	823740	2023.6	2273.6
468.15	1398800	0.14089	0.0011489	238700	716600	179900	828180	2030.7	2283.2
469.15	1429000	0.13802	0.0011504	239400	721090	180500	832630	2037.8	2292.6
470.15	1459700	0.13522	0.0011519	240000	725580	181000	837090	2045	2302.1
471.15	1490900	0.13248	0.0011534	240700	730070	181400	841540	2052.1	2311.6
472.15	1522700	0.12982	0.001155	241300	734570	181900	846010	2059.3	2321.1
473.15	1554900	0.12721	0.0011565	241900	739080	182400	850470	2066.6	2330.5
474.15	1587700	0.12467	0.0011581	242500	743590	182900	854940	2073.8	2340
475.15	1621000	0.12218	0.0011597	243100	748110	183300	859420	2081.1	2349.4
476.15	1654900	0.11976	0.0011613	243600	752630	183800	863900	2088.5	2358.8
477.15	1689300	0.11739	0.0011629	244200	757160	184200	868380	2095.8	2368.3
478.15	1724300	0.11508	0.0011645	244700	761690	184600	872870	2103.2	2377.7
479.15	1759800	0.11282	0.0011661	245200	766230	185000	877370	2110.6	2387.1
480.15	1795900	0.11061	0.0011677	245800	770770	185400	881870	2118	2396.4
481.15	1832600	0.10846	0.0011694	246200	775320	185800	886370	2125.5	2405.8
482.15	1869800	0.10635	0.001171	246700	779880	186200	890880	2133	2415.2
483.15	1907700	0.10429	0.0011727	247200	784440	186500	895390	2140.5	2424.5
484.15	1946100	0.10228	0.0011744	247600	789010	186900	899910	2148.1	2433.9
485.15	1985100	0.10031	0.0011761	248000	793580	187200	904440	2155.6	2443.2
486.15	2024700	0.098394	0.0011778	248400	798160	187500	908970	2163.2	2452.6
487.15	2065000	0.096516	0.0011795	248800	802750	187800	913500	2170.9	2461.9
488.15	2105800	0.094679	0.0011813	249200	807340	188100	918040	2178.5	2471.2
489.15	2147300	0.092884	0.001183	249600	811930	188400	922580	2186.2	2480.5
490.15	2189400	0.091129	0.0011848	249900	816540	188700	927130	2193.9	2489.8
491.15	2232200	0.089413	0.0011866	250200	821150	189000	931690	2201.7	2499.1
492.15	2275600	0.087734	0.0011884	250600	825770	189200	936250	2209.4	2508.4
493.15	2319600	0.086092	0.0011902	250800	830390	189400	940820	2217.2	2517.7
494.15	2364300	0.084486	0.001192	251100	835020	189700	945390	2225.1	2526.9
495.15	2409600	0.082916	0.0011938	251400	839660	189900	949970	2232.9	2536.2
496.15	2455600	0.081379	0.0011957	251600	844300	190100	954550	2240.8	2545.5
497.15	2502300	0.079875	0.0011975	251800	848950	190300	959140	2248.7	2554.7
498.15	2549700	0.078403	0.0011994	252000	853610	190400	963740	2256.6	2564
499.15	2597800	0.076964	0.0012013	252200	858270	190600	968340	2264.6	2573.2
500.15	2646600	0.075554	0.0012032	252400	862940	190700	972950	2272.6	2582.4

